250,0000
250,0000
250,0000
250,0000
250,0000
250,0000
250,0000
250,0000
250,0000
250,0000
250,0000
250,0000
250,0000
250,0000
250,0000
250,0000
250,0000
250,0000
250,0000
250,0000
20,0000,70,001F,10,0000,20,001F,10,0000,10,001F,20,0000,70,001F,20,0000
20,0000,70,001F,10,0000,20,001F,10,0000,10,001F,20,0000,70,001F,20,0000
20,0000,70,001F,10,0000,20,001F,10,0000,10,001F,20,0000,70,001F,20,0000
20,0000,70,001F,10,0000,20,001F,10,0000,10,001F,20,0000,70,001F,20,0000
20,0000,70,001F,10,0000,20,001F,10,0000,10,001F,20,0000,70,001F,20,0000
20,0000,70,001F,10,0000,20,001F,10,0000,10,001F,20,0000,70,001F,20,0000
20,0000,70,001F,10,0000,20,001F,10,0000,10,001F,20,0000,70,001F,20,0000
20,0000,70,001F,10,0000,20,001F,10,0000,10,001F,20,0000,70,001F,20,0000
20,0000,70,001F,10,0000,20,001F,10,0000,10,001F,20,0000,70,001F,20,0000
20,0000,70,001F,10,0000,20,001F,10,0000,10,001F,20,0000,70,001F,20,0000
20,0000,10,001F,1,0017,48,000F,1,0017,10,001F,10,0000,10,001F,50,0000,10,001F,1,0017,48,000F,1,0017,10,001F,20,0000
20,0000,10,001F,1,000F,48,0000,1,000F,10,001F,10,0000,10,001F,50,0000,10,001F,1,000F,48,0000,1,000F,10,001F,20,0000
20,0000,10,001F,1,000F,48,0000,1,000F,10,001F,10,0000,10,001F,50,0000,10,001F,1,000F,48,0000,1,000F,10,001F,20,0000
20,0000,10,001F,1,000F,48,0000,1,000F,10,001F,10,0000,10,001F,50,0000,10,001F,1,000F,48,0000,1,000F,10,001F,20,0000
20,0000,10,001F,1,000F,48,0000,1,000F,10,001F,10,0000,10,001F,50,0000,10,001F,1,000F,48,0000,1,000F,10,001F,20,0000
20,0000,10,001F,1,000F,48,0000,1,000F,10,001F,10,0000,10,001F,50,0000,10,001F,1,000F,48,0000,1,000F,10,001F,20,0000
20,0000,10,001F,1,000F,48,0000,1,000F,10,001F,10,0000,10,001F,50,0000,10,001F,1,000F,48,0000,1,000F,10,001F,20,0000
20,0000,10,001F,1,000F,48,0000,1,000F,10,001F,10,0000,10,001F,50,0000,10,001F,1,000F,48,0000,1,000F,10,001F,20,0000
20,0000,10,001F,1,000F,48,0000,1,000F,10,001F,10,0000,10,001F,50,0000,10,001F,1,000F,48,0000,1,000F,10,001F,20,0000
20,0000,10,001F,1,000F,48,0000,1,000F,10,001F,10,0000,10,001F,50,0000,10,001F,1,000F,48,0000,1,000F,10,001F,20,0000
20,0000,10,001F,1,000F,9,0000,30,001F,9,0000,1,000F,10,001F,10,0000,10,001F,10,0000,30,001F,10,0000,10,001F,1,000F,9,0000,30,001F,9,0000,1,000F,10,001F,20,0000
20,0000,10,001F,1,000F,9,0000,30,001F,9,0000,1,000F,10,001F,10,0000,10,001F,10,0000,30,001F,10,0000,10,001F,1,000F,9,0000,30,001F,9,0000,1,000F,10,001F,20,0000
20,0000,10,001F,1,000F,9,0000,30,001F,9,0000,1,000F,10,001F,10,0000,10,001F,10,0000,30,001F,10,0000,10,001F,1,000F,9,0000,30,001F,9,0000,1,000F,10,001F,20,0000
20,0000,10,001F,1,000F,9,0000,30,001F,9,0000,1,000F,10,001F,10,0000,10,001F,10,0000,30,001F,10,0000,10,001F,1,000F,9,0000,30,001F,9,0000,1,000F,10,001F,20,0000
20,0000,10,001F,1,000F,9,0000,30,001F,9,0000,1,000F,10,001F,10,0000,10,001F,10,0000,30,001F,10,0000,10,001F,1,000F,9,0000,30,001F,9,0000,1,000F,10,001F,20,0000
20,0000,10,001F,1,000F,9,0000,30,001F,9,0000,1,000F,10,001F,10,0000,10,001F,10,0000,30,001F,10,0000,10,001F,1,000F,9,0000,30,001F,9,0000,1,000F,10,001F,20,0000
20,0000,10,001F,1,000F,9,0000,30,001F,9,0000,1,000F,10,001F,10,0000,10,001F,10,0000,30,001F,10,0000,10,001F,1,000F,9,0000,30,001F,9,0000,1,000F,10,001F,20,0000
20,0000,10,001F,1,000F,9,0000,30,001F,9,0000,1,000F,10,001F,10,0000,10,001F,10,0000,30,001F,10,0000,10,001F,1,000F,9,0000,30,001F,9,0000,1,000F,10,001F,20,0000
20,0000,10,001F,1,000F,9,0000,30,001F,9,0000,1,000F,10,001F,10,0000,10,001F,10,0000,30,001F,10,0000,10,001F,1,000F,9,0000,30,001F,9,0000,1,000F,10,001F,20,0000
20,0000,10,001F,1,000F,9,0000,30,001F,9,0000,1,000F,10,001F,10,0000,10,001F,10,0000,30,001F,10,0000,10,001F,1,000F,9,0000,30,001F,9,0000,1,000F,10,001F,20,0000
20,0000,10,001F,1,000F,9,0000,30,001F,9,0000,1,000F,10,001F,20,0000,20,001F,30,0000,10,001F,1,000F,9,0000,30,001F,9,0000,1,000F,10,001F,20,0000
20,0000,10,001F,1,000F,9,0000,30,001F,9,0000,1,000F,10,001F,20,0000,20,001F,30,0000,10,001F,1,000F,9,0000,30,001F,9,0000,1,000F,10,001F,20,0000
20,0000,10,001F,1,000F,9,0000,30,001F,9,0000,1,000F,10,001F,20,0000,20,001F,30,0000,10,001F,1,000F,9,0000,30,001F,9,0000,1,000F,10,001F,20,0000
20,0000,10,001F,1,000F,9,0000,30,001F,9,0000,1,000F,10,001F,20,0000,20,001F,30,0000,10,001F,1,000F,9,0000,30,001F,9,0000,1,000F,10,001F,20,0000
20,0000,10,001F,1,000F,9,0000,30,001F,9,0000,1,000F,10,001F,20,0000,20,001F,30,0000,10,001F,1,000F,9,0000,30,001F,9,0000,1,000F,10,001F,20,0000
20,0000,10,001F,1,000F,9,0000,30,001F,9,0000,1,000F,10,001F,20,0000,20,001F,30,0000,10,001F,1,000F,9,0000,30,001F,9,0000,1,000F,10,001F,20,0000
20,0000,10,001F,1,000F,9,0000,30,001F,9,0000,1,000F,10,001F,20,0000,20,001F,30,0000,10,001F,1,000F,9,0000,30,001F,9,0000,1,000F,10,001F,20,0000
20,0000,10,001F,1,000F,9,0000,30,001F,9,0000,1,000F,10,001F,20,0000,20,001F,30,0000,10,001F,1,000F,9,0000,30,001F,9,0000,1,000F,10,001F,20,0000
20,0000,10,001F,1,000F,9,0000,30,001F,9,0000,1,000F,10,001F,20,0000,20,001F,30,0000,10,001F,1,000F,9,0000,30,001F,9,0000,1,000F,10,001F,20,0000
20,0000,10,001F,1,000F,9,0000,30,001F,9,0000,1,000F,10,001F,20,0000,20,001F,30,0000,10,001F,1,000F,9,0000,30,001F,9,0000,1,000F,10,001F,20,0000
20,0000,10,001F,1,000F,9,0000,30,001F,9,0000,1,000F,10,001F,10,0000,30,001F,10,0000,10,001F,10,0000,10,001F,1,000F,9,0000,30,001F,9,0000,1,000F,10,001F,20,0000
20,0000,10,001F,1,000F,9,0000,30,001F,9,0000,1,000F,10,001F,10,0000,30,001F,10,0000,10,001F,10,0000,10,001F,1,000F,9,0000,30,001F,9,0000,1,000F,10,001F,20,0000
20,0000,10,001F,1,000F,9,0000,30,001F,9,0000,1,000F,10,001F,10,0000,30,001F,10,0000,10,001F,10,0000,10,001F,1,000F,9,0000,30,001F,9,0000,1,000F,10,001F,20,0000
20,0000,10,001F,1,000F,9,0000,30,001F,9,0000,1,000F,10,001F,10,0000,30,001F,10,0000,10,001F,10,0000,10,001F,1,000F,9,0000,30,001F,9,0000,1,000F,10,001F,20,0000
20,0000,10,001F,1,000F,9,0000,30,001F,9,0000,1,000F,10,001F,10,0000,30,001F,10,0000,10,001F,10,0000,10,001F,1,000F,9,0000,30,001F,9,0000,1,000F,10,001F,20,0000
20,0000,10,001F,1,000F,9,0000,30,001F,9,0000,1,000F,10,001F,10,0000,30,001F,10,0000,10,001F,10,0000,10,001F,1,000F,9,0000,30,001F,9,0000,1,000F,10,001F,20,0000
20,0000,10,001F,1,000F,9,0000,30,001F,9,0000,1,000F,10,001F,10,0000,30,001F,10,0000,10,001F,10,0000,10,001F,1,000F,9,0000,30,001F,9,0000,1,000F,10,001F,20,0000
20,0000,10,001F,1,000F,9,0000,30,001F,9,0000,1,000F,10,001F,10,0000,30,001F,10,0000,10,001F,10,0000,10,001F,1,000F,9,0000,30,001F,9,0000,1,000F,10,001F,20,0000
20,0000,10,001F,1,000F,9,0000,30,001F,9,0000,1,000F,10,001F,10,0000,30,001F,10,0000,10,001F,10,0000,10,001F,1,000F,9,0000,30,001F,9,0000,1,000F,10,001F,20,0000
20,0000,10,001F,1,000F,9,0000,30,001F,9,0000,1,000F,10,001F,10,0000,30,001F,10,0000,10,001F,10,0000,10,001F,1,000F,9,0000,30,001F,9,0000,1,000F,10,001F,20,0000
20,0000,10,001F,1,000F,48,0000,1,000F,10,001F,40,0000,20,001F,10,0000,10,001F,1,000F,48,0000,1,000F,10,001F,20,0000
20,0000,10,001F,1,000F,48,0000,1,000F,10,001F,40,0000,20,001F,10,0000,10,001F,1,000F,48,0000,1,000F,10,001F,20,0000
20,0000,10,001F,1,000F,48,0000,1,000F,10,001F,40,0000,20,001F,10,0000,10,001F,1,000F,48,0000,1,000F,10,001F,20,0000
20,0000,10,001F,1,000F,48,0000,1,000F,10,001F,40,0000,20,001F,10,0000,10,001F,1,000F,48,0000,1,000F,10,001F,20,0000
20,0000,10,001F,1,000F,48,0000,1,000F,10,001F,40,0000,20,001F,10,0000,10,001F,1,000F,48,0000,1,000F,10,001F,20,0000
20,0000,10,001F,1,000F,48,0000,1,000F,10,001F,40,0000,20,001F,10,0000,10,001F,1,000F,48,0000,1,000F,10,001F,20,0000
20,0000,10,001F,1,000F,48,0000,1,000F,10,001F,40,0000,20,001F,10,0000,10,001F,1,000F,48,0000,1,000F,10,001F,20,0000
20,0000,10,001F,1,000F,48,0000,1,000F,10,001F,40,0000,20,001F,10,0000,10,001F,1,000F,48,0000,1,000F,10,001F,20,0000
20,0000,10,001F,1,000F,48,0000,1,000F,10,001F,40,0000,20,001F,10,0000,10,001F,1,000F,48,0000,1,000F,10,001F,20,0000
20,0000,10,001F,1,0017,48,000F,1,0017,10,001F,40,0000,20,001F,10,0000,10,001F,1,0017,48,000F,1,0017,10,001F,20,0000
20,0000,70,001F,10,0000,10,001F,10,0000,10,001F,10,0000,10,001F,10,0000,70,001F,20,0000
20,0000,70,001F,10,0000,10,001F,10,0000,10,001F,10,0000,10,001F,10,0000,70,001F,20,0000
20,0000,70,001F,10,0000,10,001F,10,0000,10,001F,10,0000,10,001F,10,0000,70,001F,20,0000
20,0000,70,001F,10,0000,10,001F,10,0000,10,001F,10,0000,10,001F,10,0000,70,001F,20,0000
20,0000,70,001F,10,0000,10,001F,10,0000,10,001F,10,0000,10,001F,10,0000,70,001F,20,0000
20,0000,70,001F,10,0000,10,001F,10,0000,10,001F,10,0000,10,001F,10,0000,70,001F,20,0000
20,0000,70,001F,10,0000,10,001F,10,0000,10,001F,10,0000,10,001F,10,0000,70,001F,20,0000
20,0000,70,001F,10,0000,10,001F,10,0000,10,001F,10,0000,10,001F,10,0000,70,001F,20,0000
20,0000,70,001F,10,0000,10,001F,10,0000,10,001F,10,0000,10,001F,10,0000,70,001F,20,0000
20,0000,70,001F,10,0000,10,001F,10,0000,10,001F,10,0000,10,001F,10,0000,70,001F,20,0000
110,0000,10,001F,10,0000,20,001F,100,0000
110,0000,10,001F,10,0000,20,001F,100,0000
110,0000,10,001F,10,0000,20,001F,100,0000
110,0000,10,001F,10,0000,20,001F,100,0000
110,0000,10,001F,10,0000,20,001F,100,0000
110,0000,10,001F,10,0000,20,001F,100,0000
110,0000,10,001F,10,0000,20,001F,100,0000
110,0000,10,001F,10,0000,20,001F,100,0000
110,0000,10,001F,10,0000,20,001F,100,0000
110,0000,10,001F,10,0000,20,001F,100,0000
20,0000,10,001F,20,0000,80,001F,10,0000,20,001F,20,0000,10,001F,10,0000,30,001F,20,0000
20,0000,10,001F,20,0000,80,001F,10,0000,20,001F,20,0000,10,001F,10,0000,30,001F,20,0000
20,0000,10,001F,20,0000,80,001F,10,0000,20,001F,20,0000,10,001F,10,0000,30,001F,20,0000
20,0000,10,001F,20,0000,80,001F,10,0000,20,001F,20,0000,10,001F,10,0000,30,001F,20,0000
20,0000,10,001F,20,0000,80,001F,10,0000,20,001F,20,0000,10,001F,10,0000,30,001F,20,0000
20,0000,10,001F,20,0000,80,001F,10,0000,20,001F,20,0000,10,001F,10,0000,30,001F,20,0000
20,0000,10,001F,20,0000,80,001F,10,0000,20,001F,20,0000,10,001F,10,0000,30,001F,20,0000
20,0000,10,001F,20,0000,80,001F,10,0000,20,001F,20,0000,10,001F,10,0000,30,001F,20,0000
20,0000,10,001F,20,0000,80,001F,10,0000,20,001F,20,0000,10,001F,10,0000,30,001F,20,0000
20,0000,10,001F,20,0000,80,001F,10,0000,20,001F,20,0000,10,001F,10,0000,30,001F,20,0000
20,0000,20,001F,10,0000,20,001F,30,0000,10,001F,30,0000,10,001F,30,0000,50,001F,20,0000
20,0000,20,001F,10,0000,20,001F,30,0000,10,001F,30,0000,10,001F,30,0000,50,001F,20,0000
20,0000,20,001F,10,0000,20,001F,30,0000,10,001F,30,0000,10,001F,30,0000,50,001F,20,0000
20,0000,20,001F,10,0000,20,001F,30,0000,10,001F,30,0000,10,001F,30,0000,50,001F,20,0000
20,0000,20,001F,10,0000,20,001F,30,0000,10,001F,30,0000,10,001F,30,0000,50,001F,20,0000
20,0000,20,001F,10,0000,20,001F,30,0000,10,001F,30,0000,10,001F,30,0000,50,001F,20,0000
20,0000,20,001F,10,0000,20,001F,30,0000,10,001F,30,0000,10,001F,30,0000,50,001F,20,0000
20,0000,20,001F,10,0000,20,001F,30,0000,10,001F,30,0000,10,001F,30,0000,50,001F,20,0000
20,0000,20,001F,10,0000,20,001F,30,0000,10,001F,30,0000,10,001F,30,0000,50,001F,20,0000
20,0000,20,001F,10,0000,20,001F,30,0000,10,001F,30,0000,10,001F,30,0000,50,001F,20,0000
20,0000,10,001F,10,0000,10,001F,30,0000,40,001F,40,0000,20,001F,10,0000,20,001F,40,0000
20,0000,10,001F,10,0000,10,001F,30,0000,40,001F,40,0000,20,001F,10,0000,20,001F,40,0000
20,0000,10,001F,10,0000,10,001F,30,0000,40,001F,40,0000,20,001F,10,0000,20,001F,40,0000
20,0000,10,001F,10,0000,10,001F,30,0000,40,001F,40,0000,20,001F,10,0000,20,001F,40,0000
20,0000,10,001F,10,0000,10,001F,30,0000,40,001F,40,0000,20,001F,10,0000,20,001F,40,0000
20,0000,10,001F,10,0000,10,001F,30,0000,40,001F,40,0000,20,001F,10,0000,20,001F,40,0000
20,0000,10,001F,10,0000,10,001F,30,0000,40,001F,40,0000,20,001F,10,0000,20,001F,40,0000
20,0000,10,001F,10,0000,10,001F,30,0000,40,001F,40,0000,20,001F,10,0000,20,001F,40,0000
20,0000,10,001F,10,0000,10,001F,30,0000,40,001F,40,0000,20,001F,10,0000,20,001F,40,0000
20,0000,10,001F,10,0000,10,001F,30,0000,40,001F,40,0000,20,001F,10,0000,20,001F,40,0000
30,0000,10,001F,10,0000,10,001F,10,0000,10,001F,10,0000,20,001F,10,0000,20,001F,30,0000,10,001F,20,0000,30,001F,20,0000
30,0000,10,001F,10,0000,10,001F,10,0000,10,001F,10,0000,20,001F,10,0000,20,001F,30,0000,10,001F,20,0000,30,001F,20,0000
30,0000,10,001F,10,0000,10,001F,10,0000,10,001F,10,0000,20,001F,10,0000,20,001F,30,0000,10,001F,20,0000,30,001F,20,0000
30,0000,10,001F,10,0000,10,001F,10,0000,10,001F,10,0000,20,001F,10,0000,20,001F,30,0000,10,001F,20,0000,30,001F,20,0000
30,0000,10,001F,10,0000,10,001F,10,0000,10,001F,10,0000,20,001F,10,0000,20,001F,30,0000,10,001F,20,0000,30,001F,20,0000
30,0000,10,001F,10,0000,10,001F,10,0000,10,001F,10,0000,20,001F,10,0000,20,001F,30,0000,10,001F,20,0000,30,001F,20,0000
30,0000,10,001F,10,0000,10,001F,10,0000,10,001F,10,0000,20,001F,10,0000,20,001F,30,0000,10,001F,20,0000,30,001F,20,0000
30,0000,10,001F,10,0000,10,001F,10,0000,10,001F,10,0000,20,001F,10,0000,20,001F,30,0000,10,001F,20,0000,30,001F,20,0000
30,0000,10,001F,10,0000,10,001F,10,0000,10,001F,10,0000,20,001F,10,0000,20,001F,30,0000,10,001F,20,0000,30,001F,20,0000
30,0000,10,001F,10,0000,10,001F,10,0000,10,001F,10,0000,20,001F,10,0000,20,001F,30,0000,10,001F,20,0000,30,001F,20,0000
30,0000,10,001F,30,0000,20,001F,20,0000,20,001F,20,0000,50,001F,50,0000
30,0000,10,001F,30,0000,20,001F,20,0000,20,001F,20,0000,50,001F,50,0000
30,0000,10,001F,30,0000,20,001F,20,0000,20,001F,20,0000,50,001F,50,0000
30,0000,10,001F,30,0000,20,001F,20,0000,20,001F,20,0000,50,001F,50,0000
30,0000,10,001F,30,0000,20,001F,20,0000,20,001F,20,0000,50,001F,50,0000
30,0000,10,001F,30,0000,20,001F,20,0000,20,001F,20,0000,50,001F,50,0000
30,0000,10,001F,30,0000,20,001F,20,0000,20,001F,20,0000,50,001F,50,0000
30,0000,10,001F,30,0000,20,001F,20,0000,20,001F,20,0000,50,001F,50,0000
30,0000,10,001F,30,0000,20,001F,20,0000,20,001F,20,0000,50,001F,50,0000
30,0000,10,001F,30,0000,20,001F,20,0000,20,001F,20,0000,50,001F,50,0000
100,0000,10,001F,10,0000,30,001F,30,0000,10,001F,10,0000,10,001F,10,0000,10,001F,20,0000
100,0000,10,001F,10,0000,30,001F,30,0000,10,001F,10,0000,10,001F,10,0000,10,001F,20,0000
100,0000,10,001F,10,0000,30,001F,30,0000,10,001F,10,0000,10,001F,10,0000,10,001F,20,0000
100,0000,10,001F,10,0000,30,001F,30,0000,10,001F,10,0000,10,001F,10,0000,10,001F,20,0000
100,0000,10,001F,10,0000,30,001F,30,0000,10,001F,10,0000,10,001F,10,0000,10,001F,20,0000
100,0000,10,001F,10,0000,30,001F,30,0000,10,001F,10,0000,10,001F,10,0000,10,001F,20,0000
100,0000,10,001F,10,0000,30,001F,30,0000,10,001F,10,0000,10,001F,10,0000,10,001F,20,0000
100,0000,10,001F,10,0000,30,001F,30,0000,10,001F,10,0000,10,001F,10,0000,10,001F,20,0000
100,0000,10,001F,10,0000,30,001F,30,0000,10,001F,10,0000,10,001F,10,0000,10,001F,20,0000
100,0000,10,001F,10,0000,30,001F,30,0000,10,001F,10,0000,10,001F,10,0000,10,001F,20,0000
20,0000,70,001F,10,0000,20,001F,20,0000,30,001F,20,0000,40,001F,20,0000
20,0000,70,001F,10,0000,20,001F,20,0000,30,001F,20,0000,40,001F,20,0000
20,0000,70,001F,10,0000,20,001F,20,0000,30,001F,20,0000,40,001F,20,0000
20,0000,70,001F,10,0000,20,001F,20,0000,30,001F,20,0000,40,001F,20,0000
20,0000,70,001F,10,0000,20,001F,20,0000,30,001F,20,0000,40,001F,20,0000
20,0000,70,001F,10,0000,20,001F,20,0000,30,001F,20,0000,40,001F,20,0000
20,0000,70,001F,10,0000,20,001F,20,0000,30,001F,20,0000,40,001F,20,0000
20,0000,70,001F,10,0000,20,001F,20,0000,30,001F,20,0000,40,001F,20,0000
20,0000,70,001F,10,0000,20,001F,20,0000,30,001F,20,0000,40,001F,20,0000
20,0000,70,001F,10,0000,20,001F,20,0000,30,001F,20,0000,40,001F,20,0000
20,0000,10,001F,1,0017,48,000F,1,0017,10,001F,10,0000,10,001F,20,0000,30,001F,20,0000,50,001F,20,0000
20,0000,10,001F,1,000F,48,0000,1,000F,10,001F,10,0000,10,001F,20,0000,30,001F,20,0000,50,001F,20,0000
20,0000,10,001F,1,000F,48,0000,1,000F,10,001F,10,0000,10,001F,20,0000,30,001F,20,0000,50,001F,20,0000
20,0000,10,001F,1,000F,48,0000,1,000F,10,001F,10,0000,10,001F,20,0000,30,001F,20,0000,50,001F,20,0000
20,0000,10,001F,1,000F,48,0000,1,000F,10,001F,10,0000,10,001F,20,0000,30,001F,20,0000,50,001F,20,0000
20,0000,10,001F,1,000F,48,0000,1,000F,10,001F,10,0000,10,001F,20,0000,30,001F,20,0000,50,001F,20,0000
20,0000,10,001F,1,000F,48,0000,1,000F,10,001F,10,0000,10,001F,20,0000,30,001F,20,0000,50,001F,20,0000
20,0000,10,001F,1,000F,48,0000,1,000F,10,001F,10,0000,10,001F,20,0000,30,001F,20,0000,50,001F,20,0000
20,0000,10,001F,1,000F,48,0000,1,000F,10,001F,10,0000,10,001F,20,0000,30,001F,20,0000,50,001F,20,0000
20,0000,10,001F,1,000F,48,0000,1,000F,10,001F,10,0000,10,001F,20,0000,30,001F,20,0000,50,001F,20,0000
20,0000,10,001F,1,000F,9,0000,30,001F,9,0000,1,000F,10,001F,10,0000,10,001F,10,0000,30,001F,10,0000,10,001F,30,0000,30,001F,20,0000
20,0000,10,001F,1,000F,9,0000,30,001F,9,0000,1,000F,10,001F,10,0000,10,001F,10,0000,30,001F,10,0000,10,001F,30,0000,30,001F,20,0000
20,0000,10,001F,1,000F,9,0000,30,001F,9,0000,1,000F,10,001F,10,0000,10,001F,10,0000,30,001F,10,0000,10,001F,30,0000,30,001F,20,0000
20,0000,10,001F,1,000F,9,0000,30,001F,9,0000,1,000F,10,001F,10,0000,10,001F,10,0000,30,001F,10,0000,10,001F,30,0000,30,001F,20,0000
20,0000,10,001F,1,000F,9,0000,30,001F,9,0000,1,000F,10,001F,10,0000,10,001F,10,0000,30,001F,10,0000,10,001F,30,0000,30,001F,20,0000
20,0000,10,001F,1,000F,9,0000,30,001F,9,0000,1,000F,10,001F,10,0000,10,001F,10,0000,30,001F,10,0000,10,001F,30,0000,30,001F,20,0000
20,0000,10,001F,1,000F,9,0000,30,001F,9,0000,1,000F,10,001F,10,0000,10,001F,10,0000,30,001F,10,0000,10,001F,30,0000,30,001F,20,0000
20,0000,10,001F,1,000F,9,0000,30,001F,9,0000,1,000F,10,001F,10,0000,10,001F,10,0000,30,001F,10,0000,10,001F,30,0000,30,001F,20,0000
20,0000,10,001F,1,000F,9,0000,30,001F,9,0000,1,000F,10,001F,10,0000,10,001F,10,0000,30,001F,10,0000,10,001F,30,0000,30,001F,20,0000
20,0000,10,001F,1,000F,9,0000,30,001F,9,0000,1,000F,10,001F,10,0000,10,001F,10,0000,30,001F,10,0000,10,001F,30,0000,30,001F,20,0000
20,0000,10,001F,1,000F,9,0000,30,001F,9,0000,1,000F,10,001F,10,0000,10,001F,20,0000,20,001F,20,0000,10,001F,20,0000,10,001F,40,0000
20,0000,10,001F,1,000F,9,0000,30,001F,9,0000,1,000F,10,001F,10,0000,10,001F,20,0000,20,001F,20,0000,10,001F,20,0000,10,001F,40,0000
20,0000,10,001F,1,000F,9,0000,30,001F,9,0000,1,000F,10,001F,10,0000,10,001F,20,0000,20,001F,20,0000,10,001F,20,0000,10,001F,40,0000
20,0000,10,001F,1,000F,9,0000,30,001F,9,0000,1,000F,10,001F,10,0000,10,001F,20,0000,20,001F,20,0000,10,001F,20,0000,10,001F,40,0000
20,0000,10,001F,1,000F,9,0000,30,001F,9,0000,1,000F,10,001F,10,0000,10,001F,20,0000,20,001F,20,0000,10,001F,20,0000,10,001F,40,0000
20,0000,10,001F,1,000F,9,0000,30,001F,9,0000,1,000F,10,001F,10,0000,10,001F,20,0000,20,001F,20,0000,10,001F,20,0000,10,001F,40,0000
20,0000,10,001F,1,000F,9,0000,30,001F,9,0000,1,000F,10,001F,10,0000,10,001F,20,0000,20,001F,20,0000,10,001F,20,0000,10,001F,40,0000
20,0000,10,001F,1,000F,9,0000,30,001F,9,0000,1,000F,10,001F,10,0000,10,001F,20,0000,20,001F,20,0000,10,001F,20,0000,10,001F,40,0000
20,0000,10,001F,1,000F,9,0000,30,001F,9,0000,1,000F,10,001F,10,0000,10,001F,20,0000,20,001F,20,0000,10,001F,20,0000,10,001F,40,0000
20,0000,10,001F,1,000F,9,0000,30,001F,9,0000,1,000F,10,001F,10,0000,10,001F,20,0000,20,001F,20,0000,10,001F,20,0000,10,001F,40,0000
20,0000,10,001F,1,000F,9,0000,30,001F,9,0000,1,000F,10,001F,70,0000,10,001F,10,0000,10,001F,20,0000,20,001F,20,0000
20,0000,10,001F,1,000F,9,0000,30,001F,9,0000,1,000F,10,001F,70,0000,10,001F,10,0000,10,001F,20,0000,20,001F,20,0000
20,0000,10,001F,1,000F,9,0000,30,001F,9,0000,1,000F,10,001F,70,0000,10,001F,10,0000,10,001F,20,0000,20,001F,20,0000
20,0000,10,001F,1,000F,9,0000,30,001F,9,0000,1,000F,10,001F,70,0000,10,001F,10,0000,10,001F,20,0000,20,001F,20,0000
20,0000,10,001F,1,000F,9,0000,30,001F,9,0000,1,000F,10,001F,70,0000,10,001F,10,0000,10,001F,20,0000,20,001F,20,0000
20,0000,10,001F,1,000F,9,0000,30,001F,9,0000,1,000F,10,001F,70,0000,10,001F,10,0000,10,001F,20,0000,20,001F,20,0000
20,0000,10,001F,1,000F,9,0000,30,001F,9,0000,1,000F,10,001F,70,0000,10,001F,10,0000,10,001F,20,0000,20,001F,20,0000
20,0000,10,001F,1,000F,9,0000,30,001F,9,0000,1,000F,10,001F,70,0000,10,001F,10,0000,10,001F,20,0000,20,001F,20,0000
20,0000,10,001F,1,000F,9,0000,30,001F,9,0000,1,000F,10,001F,70,0000,10,001F,10,0000,10,001F,20,0000,20,001F,20,0000
20,0000,10,001F,1,000F,9,0000,30,001F,9,0000,1,000F,10,001F,70,0000,10,001F,10,0000,10,001F,20,0000,20,001F,20,0000
20,0000,10,001F,1,000F,48,0000,1,000F,10,001F,20,0000,20,001F,20,0000,50,001F,10,0000,10,001F,30,0000
20,0000,10,001F,1,000F,48,0000,1,000F,10,001F,20,0000,20,001F,20,0000,50,001F,10,0000,10,001F,30,0000
20,0000,10,001F,1,000F,48,0000,1,000F,10,001F,20,0000,20,001F,20,0000,50,001F,10,0000,10,001F,30,0000
20,0000,10,001F,1,000F,48,0000,1,000F,10,001F,20,0000,20,001F,20,0000,50,001F,10,0000,10,001F,30,0000
20,0000,10,001F,1,000F,48,0000,1,000F,10,001F,20,0000,20,001F,20,0000,50,001F,10,0000,10,001F,30,0000
20,0000,10,001F,1,000F,48,0000,1,000F,10,001F,20,0000,20,001F,20,0000,50,001F,10,0000,10,001F,30,0000
20,0000,10,001F,1,000F,48,0000,1,000F,10,001F,20,0000,20,001F,20,0000,50,001F,10,0000,10,001F,30,0000
20,0000,10,001F,1,000F,48,0000,1,000F,10,001F,20,0000,20,001F,20,0000,50,001F,10,0000,10,001F,30,0000
20,0000,10,001F,1,000F,48,0000,1,000F,10,001F,20,0000,20,001F,20,0000,50,001F,10,0000,10,001F,30,0000
20,0000,10,001F,1,0017,48,000F,1,0017,10,001F,20,0000,20,001F,20,0000,50,001F,10,0000,10,001F,30,0000
20,0000,70,001F,10,0000,10,001F,20,0000,10,001F,30,0000,30,001F,10,0000,10,001F,30,0000
20,0000,70,001F,10,0000,10,001F,20,0000,10,001F,30,0000,30,001F,10,0000,10,001F,30,0000
20,0000,70,001F,10,0000,10,001F,20,0000,10,001F,30,0000,30,001F,10,0000,10,001F,30,0000
20,0000,70,001F,10,0000,10,001F,20,0000,10,001F,30,0000,30,001F,10,0000,10,001F,30,0000
20,0000,70,001F,10,0000,10,001F,20,0000,10,001F,30,0000,30,001F,10,0000,10,001F,30,0000
20,0000,70,001F,10,0000,10,001F,20,0000,10,001F,30,0000,30,001F,10,0000,10,001F,30,0000
20,0000,70,001F,10,0000,10,001F,20,0000,10,001F,30,0000,30,001F,10,0000,10,001F,30,0000
20,0000,70,001F,10,0000,10,001F,20,0000,10,001F,30,0000,30,001F,10,0000,10,001F,30,0000
20,0000,70,001F,10,0000,10,001F,20,0000,10,001F,30,0000,30,001F,10,0000,10,001F,30,0000
20,0000,70,001F,10,0000,10,001F,20,0000,10,001F,30,0000,30,001F,10,0000,10,001F,30,0000
250,0000
250,0000
250,0000
250,0000
250,0000
250,0000
250,0000
250,0000
250,0000
250,0000
250,0000
250,0000
250,0000
250,0000
250,0000
250,0000
250,0000
250,0000
250,0000
250,0000
